№ Группы__Ф.И.О._____________________________Набор оценок___Стипендия
2336:
          Иванов_Андрей_Александрович        5,4,5,5,4            800
          Лившец_Матвей_Андреевич            3,4,5,3,4              0
          Максимова_Арина_Гордеевна          4,4,5,5,4            400
          1Ф_И_О                             4,4,5,5,4            400
          2Ф_И_О                             3,4,5,3,4              0
2341:
          Овчинников_Дмитрий_Михайлович      4,4,5,3,3              0
          Осипова_Алиса_Ярославовна          4,4,5,5,4            400
          Медведев_Егор_Давидович            3,4,3,3,4              0
          3Ф_И_О                             4,4,5,5,4            400
          4Ф_И_О                             3,4,5,3,4              0
2339:
          Дубровин_Матвей_Владимирович       4,3,5,4,4              0
          Куликов_Александр_Миронович        5,4,5,4,4            400
          Лукьянова_Софья_Максимовна         3,4,5,3,4              0
          5Ф_И_О                             4,4,5,5,4            400
          6Ф_И_О                             3,4,5,3,4              0
